factura
respuesta
solicitud
sistema
informamos
informacion
visualiza
requerimiento
radicacion
proveedor
recibido
proceso
electronico
atencion
fecha
poder
dar
evidencia
informa
envio
electronica
envionos
estimado
causacion
soportes
envia
informar
validacion
empresa
radicada
radicado
sea
verifique
solucionado
solicitudndo
filtro
representante
telefono
acreedor
visualizan
nuestro
emite
ciudad
seguridad
datos
xml
validar
facturacion
direccion
acuse
dia
registra
cuentas
cuenta
atendiendo
persona
consulta
pagar
estado
notificacion
vim
electronicas
enviado
llamada
sello
mismo
genera
automatico
relacion
fisicas
pruebas
nos
representacion_grafica
escala
automatica
encuentra
verificar
asi
ventanilla
cargo
recibida
confirma
fin
retransmitir
pago
proveedores
medio
reenvia
remitir
sugerimos
tener
tanto
soporte
fv
tiene
tecnologico
tenga
tan_pronto
completo
registro
indica
salud
junto
brinda
remitido
nuevamente
rechazo
recibidas
radicar
internamente
notificara
sugiere
realiza
reficar
realizar
registran
envie
solicitudn
digito_verificacion
responde
administrador_contrato
enviada
sus
sociedad
confirmacion
damos
cxp
sin
adjuntar
recomendaciones
pdf
fve
previa
numero
archivo
deben
indicar
corporativo_teniendo
fevp
necesario
cobro
rechazada
radicadas
service_desk
sap
envian
cenit
posible
interno
novedad
solucion
coinciden_registrados
antecede
falta
remita
normal
unica
nota_credito
documento
adjunto
tramite
com
procedimiento
mensaje
revision
comparta
error
hemos
servicios
nc
print_pantalla
mes
reemplaza_vez
unico
facturar
hacer_seguimiento
colombia
indicado
alcance
coincide_registrado
contrario
service
incluyo_archivo
registrado_maestra
dias_calendario
brindada
fev
contabilizada
contable
correspondiente
valido
son
relacionar
sbqa
agrademos
partir
forma
estan
validaciones
ser
directamente
validando
buzones_establecidos
correos
tiempo
anexar
sit
ap
vez
xlm
regional
brindan
correos_enviados
ingreso
id
suministrados_mensaje
coordinacion
ni
escalar
acuerdo
momento
adjuntando
asistente
encuentran
aun
evidencian
errados
solicituddas
presente
podamos_evidenciar
volver
segun
envioon
emitio
recordamos_politica
referencia_tiempo
hay_normativa
garantizar_contabilizacion
realice_intervalo
ustedes
tal
corporativo
remite
adicionalmente
mandato
motivo
verificacion
buzones
relacionado
nivel
pronta
registrados
libre
habil_cada
fved
ayuda
aux
office
hasta
razones
cada
presento_algun
despues
coordinacioncxp
mencion
embargo
misma
adjuntos
rut
plantilla
tqc
fueron
brindar
registrado
ultimo
general
archivos
emitir
presente_periodo
anterior_cerrado
recibir
edge
mas
ingenieria
consultar
portal
unicamente
comentarios
proceder
teniendo
coordinadora
emitido
servicio
tienen
triangular
pide
contabilizacion
puesto
mencionadas
confirmar
ltda
piden
imagen
contacto
escalada
ampliar
mensaje_coinciden
nota
bgt
decir
permite
respectiva
listas_blancas
responder_worldoffice
asaludltda
